
Profile Array: (Size: 11*13)
===============================================

 
1.18281 0.0292199 2.11775 0.0443157 1.41423 1.12483 1.13399 1.00114 1.96241 0.0999709 0.057781 

 
1.46969 0.167321 0.149408 0.424192 3.242 0.0291526 0.665782 1.97625 0.414583 1.055 2.12792 

 
0.439739 6.59016 1.792 0.390018 0.0179864 0.0166396 0.014538 0.899292 0.503351 0.0262865 0.899261 

 
0.109755 1.07099 0.47101 0.23916 0.00334578 0.75716 0.979787 1.13582 0.480674 1.43133 1.66571 

 
4.22572e-005 0.700224 0.514614 2.61265 0.379772 0.250945 0.0122608 12.6868 0.721505 0.000196251 0.00413344 

 
0.005318 0.0116056 0.493633 1.29154 2.33306 4.43571 0.297315 1.53322 0.803806 0.590619 0.177908 

 
2.58657 7.65099 1.25039 1.55305 0.461742 4.12559 0.709762 0.184724 2.62178 0.549755 2.39356 

 
0.914902 0.505122 0.728743 1.44236 0.836366 2.2257 0.536009 2.98416 2.13877 5.62836 2.83845 

 
0.022781 0.390071 0.00163919 0.137683 0.654202 0.00270223 0.00535178 1.91923 0.0101967 0.556945 0.174178 

 
0.655759 1.60152 2.5769 7.2249 5.89282 1.69453 0.0037025 0.00825009 0.00170247 0.346416 0 

 
0.359688 0.244664 0.00794306 3.08516 0.00221036 1.4317 0.63764 2.19969 1.17227 7.32022 2.02044 
